# Title: Photometry and Proper Motions of M, L, and T Dwarfs
#        from the Pan-STARRS1 3pi Survey
# Authors: William M. J. Best, Eugene A. Magnier, Michael C. Liu,
#          Kimberly M. Aller, Zhoujian Zhang, W. S. Burgett, K. C. Chambers,
#          P. Draper, H. Flewelling, N. Kaiser, R.-P. Kudritzki,
#          N. Metcalfe, J. L. Tonry, R. J. Wainscoat, C. Waters
# Submitted to ApJ
# arXiv:
#
# Table: Median Colors (Tables 4 and 5)
# Version: 2017-02-24
#
# ================================================================================
# Notes:
# - This table contains 30 rows and 46 columns,
#   plus an extra column containing numerical spectral types (n_SpT).
# - Fields with no data are filled with "NaN".
#
# - For each spectral type and color, this table lists the median
#   and rms color followed by the number of objects (N) used to determine
#   the median and rms.
#
# ================================================================================
#
 SpT  n_SpT      g-r   g-r_rms   N_g-r      r-i   r-i_rms   N_r-i      i-z   i-z_rms   N_i-z      z-y   z-y_rms   N_z-y      y-J   y-J_rms   N_y-J      J-H   J-H_rms   N_J-H     H-Ks  H-Ks_rms  N_H-Ks    Ks-W1 Ks-W1_rms N_Ks-W1    W1-W2 W1-W2_rms N_W1-W2    W2-W3 W2-W3_rms N_W2-W3      i-y   i-y_rms   N_i-y      i-J   i-J_rms   N_i-J      z-J   z-J_rms   N_z-J     J-Ks  J-Ks_rms  N_J-Ks     y-W1  y-W1_rms  N_y-W1
   M0      0     1.19      0.05     993     0.67      0.10     993     0.31      0.05     993     0.17      0.03     993     1.12      0.06     993     0.66      0.06     993     0.18      0.07     993     0.10      0.07     993     0.02      0.06     993      NaN       NaN       0     0.48      0.06     993     1.61      0.10     993     1.29      0.07     993     0.84      0.07     993     2.05      0.09     993
   M1      1     1.22      0.05     711     0.85      0.10     711     0.39      0.05     711     0.20      0.03     711     1.14      0.06     711     0.64      0.06     711     0.21      0.06     711     0.12      0.07     711     0.07      0.06     711      NaN       NaN       0     0.59      0.06     711     1.74      0.10     711     1.34      0.07     711     0.85      0.07     711     2.10      0.08     711
   M2      2     1.21      0.05    1675     1.02      0.08    1675     0.46      0.04    1675     0.23      0.03    1675     1.16      0.05    1675     0.62      0.07    1675     0.22      0.07    1675     0.12      0.07    1675     0.12      0.05    1675      NaN       NaN       0     0.69      0.05    1675     1.85      0.08    1675     1.39      0.07    1675     0.84      0.07    1675     2.12      0.08    1675
   M3      3     1.21      0.05    2130     1.22      0.10    2130     0.55      0.05    2130     0.27      0.03    2130     1.20      0.06    2129     0.60      0.06    2129     0.24      0.06    2130     0.14      0.06    2130     0.16      0.05    2130      NaN       NaN       0     0.82      0.07    2130     2.02      0.10    2129     1.46      0.07    2129     0.84      0.07    2129     2.17      0.08    2130
   M4      4     1.23      0.06    1229     1.46      0.11    1229     0.67      0.06    1229     0.32      0.03    1229     1.25      0.06    1229     0.59      0.06    1228     0.26      0.06    1228     0.16      0.06    1229     0.18      0.04    1229      NaN       NaN       0     0.99      0.08    1229     2.24      0.12    1229     1.57      0.08    1229     0.86      0.07    1229     2.26      0.09    1229
   M5      5     1.31      0.05     686     1.88      0.13     686     0.87      0.06     686     0.44      0.04     686     1.34      0.05     686     0.59      0.06     686     0.31      0.07     686     0.19      0.06     686     0.21      0.03     686     0.21      0.17      47     1.31      0.09     686     2.66      0.13     686     1.78      0.08     686     0.91      0.07     686     2.44      0.08     686
   M6      6     1.33      0.07     405     2.13      0.16     394     0.98      0.06     393     0.51      0.04     393     1.40      0.06     399     0.60      0.06     410     0.33      0.06     410     0.21      0.06     410     0.22      0.03     410     0.23      0.14      50     1.48      0.11     395     2.89      0.15     395     1.91      0.12     394     0.93      0.07     410     2.54      0.10     399
   M7      7     1.40      0.12     155     2.55      0.19     153     1.20      0.10     155     0.67      0.08     155     1.54      0.08     155     0.63      0.05     158     0.39      0.05     158     0.22      0.05     156     0.23      0.03     157     0.32      0.10      67     1.87      0.18     156     3.41      0.25     154     2.20      0.16     153     1.02      0.08     158     2.79      0.16     154
   M8      8     1.53      0.17      92     2.70      0.15     110     1.38      0.09     121     0.81      0.08     122     1.66      0.08     118     0.68      0.06     119     0.43      0.05     119     0.26      0.06     114     0.23      0.05     114     0.35      0.12      63     2.19      0.16     122     3.84      0.22     118     2.45      0.15     117     1.12      0.09     119     3.03      0.17     115
   M9      9     1.79      0.22      35     2.58      0.18      59     1.44      0.12      86     0.92      0.09      86     1.77      0.12      70     0.71      0.08      68     0.48      0.11      69     0.31      0.11      63     0.26      0.09      72     0.43      0.17      36     2.35      0.16      86     4.16      0.24      70     2.71      0.16      70     1.19      0.13      68     3.31      0.24      77
   L0     10     1.87      0.21      15     2.35      0.27     199     1.47      0.07     343     0.95      0.06     346     1.82      0.14     316     0.76      0.14     286     0.48      0.14     287     0.33      0.11     279     0.27      0.08     331     0.51      0.27      20     2.41      0.10     343     4.24      0.19     316     2.77      0.17     316     1.24      0.16     285     3.35      0.25     336
   L1     11     2.00      0.71      11     2.35      0.24     112     1.48      0.11     225     0.97      0.09     232     1.93      0.15     184     0.80      0.14     173     0.52      0.14     175     0.36      0.12     169     0.26      0.08     211     0.46      0.16      19     2.45      0.15     225     4.38      0.20     182     2.90      0.18     184     1.32      0.19     173     3.61      0.31     220
   L2     12     2.30       NaN       1     2.28      0.17      50     1.45      0.12     108     0.97      0.06     111     2.01      0.12      95     0.91      0.14      94     0.59      0.12      94     0.43      0.15      94     0.29      0.06     109     0.51      0.21      15     2.41      0.13     108     4.41      0.15      95     2.99      0.13      95     1.50      0.20      94     3.91      0.33     111
   L3     13      NaN       NaN       0     2.22      0.23      30     1.49      0.14      96     1.01      0.08     101     2.13      0.17      79     0.95      0.16      77     0.64      0.17      78     0.52      0.15      78     0.30      0.08      96     0.50      0.20      10     2.51      0.18      96     4.63      0.25      78     3.12      0.20      79     1.59      0.22      77     4.26      0.43      99
   L4     14      NaN       NaN       0     2.10      0.26      16     1.64      0.18      70     1.02      0.07      84     2.15      0.18      57     1.06      0.18      54     0.62      0.19      56     0.61      0.15      54     0.32      0.10      80     0.67      0.22       7     2.68      0.21      70     4.84      0.26      52     3.15      0.19      57     1.64      0.28      55     4.37      0.38      80
   L5     15      NaN       NaN       0     2.00      0.24      13     1.78      0.21      68     1.05      0.08      86     2.18      0.14      62     1.05      0.18      60     0.64      0.14      62     0.67      0.14      58     0.33      0.09      82     0.66      0.15       8     2.88      0.21      68     5.04      0.20      57     3.24      0.15      62     1.67      0.26      60     4.56      0.31      82
   L6     16      NaN       NaN       0     1.91      0.49       5     1.89      0.26      34     1.05      0.07      45     2.09      0.14      34     0.99      0.16      32     0.67      0.23      37     0.71      0.18      35     0.38      0.09      43     0.76      0.15       5     2.97      0.27      34     5.09      0.28      29     3.17      0.15      34     1.62      0.31      32     4.55      0.42      43
   L7     17      NaN       NaN       0      NaN       NaN       0     2.09      0.29      15     1.04      0.10      28     2.19      0.16      23     1.16      0.25      19     0.72      0.19      22     0.75      0.15      21     0.47      0.13      28     1.03      0.08       4     3.09      0.31      15     5.15      0.32      12     3.24      0.18      22     1.87      0.26      19     4.78      0.54      28
   L8     18      NaN       NaN       0     2.13       NaN       1     2.45      0.37      17     1.05      0.07      28     2.13      0.17      23     1.13      0.15      24     0.65      0.15      28     0.84      0.11      28     0.53      0.09      29     1.12      0.12       7     3.44      0.41      16     5.54      0.38      15     3.20      0.17      24     1.82      0.17      24     4.76      0.28      28
   L9     19      NaN       NaN       0      NaN       NaN       0     2.46      0.40       8     1.15      0.10      40     2.11      0.14      30     1.07      0.15      29     0.57      0.17      30     0.78      0.19      30     0.56      0.12      40     1.13      0.33       4     3.59      0.44       8     5.71      0.39       7     3.23      0.17      30     1.66      0.21      29     4.55      0.24      40
   T0     20      NaN       NaN       0      NaN       NaN       0     2.38      0.44       6     1.21      0.13      25     2.20      0.15      14     0.93      0.14      14     0.55      0.14      14     0.76      0.21      14     0.58      0.12      25     0.92       NaN       1     3.52      0.43       6     5.66      0.35       5     3.43      0.20      14     1.45      0.22      13     4.27      0.34      24
   T1     21      NaN       NaN       0      NaN       NaN       0     2.14      0.83       4     1.39      0.17      27     2.19      0.11      16     0.88      0.14      14     0.30      0.21      14     0.64      0.19      14     0.72      0.13      28     1.41      0.18       3     3.55      0.92       4     5.78      0.95       4     3.62      0.17      16     1.18      0.29      14     4.06      0.44      28
   T2     22      NaN       NaN       0      NaN       NaN       0     3.02      0.71       2     1.44      0.16      40     2.23      0.21      25     0.80      0.14      17     0.25      0.21      17     0.62      0.25      17     0.91      0.15      44     1.45      0.16       6     4.57      0.86       2     6.95      0.68       2     3.72      0.26      24     1.07      0.25      17     3.86      0.39      45
   T3     23      NaN       NaN       0      NaN       NaN       0     2.85       NaN       1     1.55      0.17      24     2.27      0.14      12     0.59      0.17       7     0.17      0.21       7     0.55      0.32       8     1.08      0.32      20      NaN       NaN       0     4.50       NaN       1      NaN       NaN       0     3.81      0.19      11     0.82      0.27       7     3.58      0.50      22
   T4     24      NaN       NaN       0      NaN       NaN       0      NaN       NaN       0     1.71      0.15      31     2.43      0.13      22     0.33      0.18      12     0.11      0.19      10     0.19      0.21       9     1.35      0.26      31     1.30      0.01       2      NaN       NaN       0      NaN       NaN       0     4.12      0.16      22     0.38      0.16      10     3.07      0.36      32
   T5     25      NaN       NaN       0      NaN       NaN       0     3.49       NaN       1     1.74      0.13      32     2.50      0.16      30     0.19      0.20      10     0.03      0.13       6     0.39      0.31       6     1.84      0.33      44     1.25      0.34       2     5.23       NaN       1     7.75       NaN       1     4.26      0.19      27     0.17      0.19       6     2.92      0.23      43
   T6     26      NaN       NaN       0      NaN       NaN       0      NaN       NaN       0     1.73      0.13      32     2.54      0.17      38     0.05      0.25      21     0.06      0.32      14     0.40      0.36      15     2.07      0.36      53     1.16      0.20       4      NaN       NaN       0      NaN       NaN       0     4.29      0.17      27     0.16      0.31      15     3.02      0.28      54
   T7     27      NaN       NaN       0      NaN       NaN       0      NaN       NaN       0     1.80      0.10      14     2.55      0.27      21     0.08      0.17      12     0.01      0.54       7     0.32      1.09       6     2.26      0.35      30     1.35      0.54       3      NaN       NaN       0      NaN       NaN       0     4.36      0.14       9     0.08      0.54       7     3.11      0.28      30
   T8     28      NaN       NaN       0      NaN       NaN       0      NaN       NaN       0     1.76      0.23       4     2.57      0.29       9     0.09       NaN       1      NaN       NaN       0      NaN       NaN       0     2.79      0.32      14     1.40      0.21       5      NaN       NaN       0      NaN       NaN       0     4.34      0.04       4      NaN       NaN       0     3.42      0.40      14
   T9     29      NaN       NaN       0      NaN       NaN       0      NaN       NaN       0     1.37       NaN       1     2.61      0.12       2     0.24       NaN       1      NaN       NaN       0      NaN       NaN       0     2.95      0.11       3     1.82      0.24       2      NaN       NaN       0      NaN       NaN       0     4.07       NaN       1      NaN       NaN       0     3.66      0.30       2
